0.741460085573732 0.735643052873989 0.737575646978909 0.73591648065349 0.736056330905577 0.737606435796523 0.739004903228168 0.737437099568112 0.737917031624212 0.739221494676303 0.736920182281727 0.738888182046347 0.740965044712507 0.738569322607644 0.739995275514164 0.737659585052561 0.739816703658203 0.739117955042269 0.739314995176932 0.7389804336776 0.737267184154123 0.739968608925172 0.737370886911204 0.739430931236388 0.739840365712487
0.735643052873989 0.744644343139962 0.735166994781524 0.736741409794057 0.738163190067324 0.740218246729264 0.741887994974301 0.740089421385964 0.7402482121558 0.741608511247227 0.739262173815497 0.741121313610374 0.743780267451957 0.740538131520541 0.742062690128183 0.740192094063496 0.741707968136244 0.7409820566971 0.741288999602502 0.741450184608028 0.73979231105874 0.742414252682889 0.739853617048739 0.741525578927361 0.742188890685537
0.737575646978909 0.735166994781524 0.743301380611833 0.736301113514965 0.734180021941403 0.737570035905506 0.738752480677496 0.737366933574908 0.738451092163531 0.738504177507482 0.735458099396014 0.739031367424055 0.74086047075134 0.739375810867443 0.739527202058677 0.737241047293761 0.739977815187648 0.739169583877594 0.738859291203182 0.738868819259818 0.735921983246683 0.739705488837871 0.736192727287239 0.739956496475496 0.74020057707159
0.73591648065349 0.736741409794057 0.736301113514965 0.750749165932906 0.735698141883985 0.739056444770015 0.740265681853403 0.738804502712765 0.739907422171264 0.73921503540443 0.737098463227095 0.740834112714134 0.742071921074512 0.740981501876526 0.740147848981507 0.739079949755993 0.741774178248859 0.740758569927053 0.740380399397185 0.740067515786007 0.737506904407244 0.740670170890098 0.737637191160706 0.742282311638042 0.742191942743319
0.736056330905577 0.738163190067324 0.734180021941403 0.735698141883985 0.765138733574916 0.740996323516994 0.741573448239619 0.741511922533833 0.740438222020918 0.741497058452856 0.753729744538362 0.741715351462444 0.742736824488828 0.740397119132421 0.74125461724575 0.750080731259053 0.743609230237687 0.741815855084955 0.746673036940123 0.741972751971883 0.753827703161823 0.742975042973247 0.753890953248539 0.741782347550835 0.742749140461892
0.737606435796523 0.740218246729264 0.737570035905506 0.739056444770015 0.740996323516994 0.74767712651264 0.743816891972613 0.743730308352918 0.744780747515632 0.744368027703039 0.741778722540515 0.744643485324941 0.744344539753105 0.744600689609189 0.74463578744567 0.743751875646186 0.745347903402993 0.745359408436626 0.744417030598241 0.745292577558903 0.742278817858967 0.745237775037222 0.742524859848556 0.745925056186184 0.746479500167387
0.739004903228168 0.741887994974301 0.738752480677496 0.740265681853403 0.741573448239619 0.743816891972613 0.748888122679696 0.743699083599116 0.744256397175832 0.744945196538035 0.742440282700849 0.744950235993675 0.746212575041402 0.744623027672705 0.745388698731795 0.743846163891865 0.745562628225134 0.74501385549154 0.744907628085837 0.744901020657327 0.743153308185835 0.745691209054093 0.743379673618501 0.745792989068262 0.746213102214621
0.737437099568112 0.740089421385964 0.737366933574908 0.738804502712765 0.741511922533833 0.743730308352918 0.743699083599116 0.752111205610189 0.744543314087988 0.744083038873451 0.743005914012809 0.744616134084751 0.744218750414714 0.74446521481616 0.74439414035837 0.744331489580422 0.74536257850786 0.745267396029554 0.744430122044657 0.744668469004175 0.743498480025601 0.744918731154441 0.7435998699092 0.745861744116391 0.746454733209165
0.737917031624212 0.7402482121558 0.738451092163531 0.739907422171264 0.740438222020918 0.744780747515632 0.744256397175832 0.744543314087988 0.750996849594426 0.744824209028216 0.741827175281998 0.745735955045381 0.744997551996926 0.746739076423594 0.744924320649821 0.744246718203553 0.746830141365129 0.746988508148063 0.744957664606839 0.745797901835236 0.74234180009838 0.745516221865539 0.742617459280484 0.748399795596661 0.74873283770591
0.739221494676303 0.741608511247227 0.738504177507482 0.73921503540443 0.741497058452856 0.744368027703039 0.744945196538035 0.744083038873451 0.744824209028216 0.754577930873409 0.742426726758611 0.744618392687136 0.745252149897822 0.744177236215916 0.749702225662327 0.743490748514788 0.745765747519615 0.745770256624512 0.745651957669421 0.746711441836333 0.742721181345725 0.747283887810229 0.742981605719745 0.745490457596843 0.74616721303259
0.736920182281727 0.739262173815497 0.735458099396014 0.737098463227095 0.753729744538362 0.741778722540515 0.742440282700849 0.743005914012809 0.741827175281998 0.742426726758611 0.76702688073024 0.74252828009725 0.743710860445087 0.741783274363682 0.742033926942956 0.748698081807113 0.744050523302913 0.743121412840983 0.745917710871895 0.742680705499518 0.76290607934721 0.744000137584676 0.760178480096228 0.742981346589057 0.743945948739945
0.738888182046347 0.741121313610374 0.739031367424055 0.740834112714134 0.741715351462444 0.744643485324941 0.744950235993675 0.744616134084751 0.745735955045381 0.744618392687136 0.74252828009725 0.750361812934285 0.745709757020278 0.746169891641444 0.745085900704574 0.745061357211217 0.746867172785446 0.746124296268886 0.745548795384169 0.745596116149651 0.743196072400296 0.745658344026456 0.74320518488466 0.747915448074141 0.748063919034912
0.740965044712507 0.743780267451957 0.74086047075134 0.742071921074512 0.742736824488828 0.744344539753105 0.746212575041402 0.744218750414714 0.744997551996926 0.745252149897822 0.743710860445087 0.745709757020278 0.757759918549316 0.745238878415764 0.745811766756846 0.744838972348831 0.746452238486744 0.745736280360433 0.745994448056171 0.745709401836287 0.744278161909814 0.746930974254488 0.744585252602767 0.746401794365003 0.746638713113386
0.738569322607644 0.740538131520541 0.739375810867443 0.740981501876526 0.740397119132421 0.744600689609189 0.744623027672705 0.74446521481616 0.746739076423594 0.744177236215916 0.741783274363682 0.746169891641444 0.745238878415764 0.755724248832331 0.744646755915959 0.744593510655256 0.747282045927351 0.746342716880822 0.745295546155027 0.745535970641591 0.742215966319345 0.745322636059372 0.742520483607067 0.750608272608865 0.750072498793319
0.739995275514164 0.742062690128183 0.739527202058677 0.740147848981507 0.74125461724575 0.74463578744567 0.745388698731795 0.74439414035837 0.744924320649821 0.749702225662327 0.742033926942956 0.745085900704574 0.745811766756846 0.744646755915959 0.756780888573114 0.743854223467785 0.74628128832613 0.746112795205478 0.746052580157983 0.746860968134857 0.742374931182668 0.747647490107949 0.742864100460432 0.745881640156392 0.746544220708989
0.737659585052561 0.740192094063496 0.737241047293761 0.739079949755993 0.750080731259053 0.743751875646186 0.743846163891865 0.744331489580422 0.744246718203553 0.743490748514788 0.748698081807113 0.745061357211217 0.744838972348831 0.744593510655256 0.743854223467785 0.761715170793187 0.746040198975926 0.745000359913965 0.746574467960707 0.744840892115934 0.74936236661445 0.745213856029273 0.749465594333838 0.746386786672002 0.74660309477395
0.739816703658203 0.741707968136244 0.739977815187648 0.741774178248859 0.743609230237687 0.745347903402993 0.745562628225134 0.74536257850786 0.746830141365129 0.745765747519615 0.744050523302913 0.746867172785446 0.746452238486744 0.747282045927351 0.74628128832613 0.746040198975926 0.751250249404403 0.747077201910732 0.746775693798027 0.746682662595048 0.744497994486712 0.746568964280098 0.744674249599584 0.748924160597706 0.749165626184281
0.739117955042269 0.7409820566971 0.739169583877594 0.740758569927053 0.741815855084955 0.745359408436626 0.74501385549154 0.745267396029554 0.746988508148063 0.745770256624512 0.743121412840983 0.746124296268886 0.745736280360433 0.746342716880822 0.746112795205478 0.745000359913965 0.747077201910732 0.75271355238017 0.745787256819743 0.746864710963227 0.743665829552851 0.746678620368934 0.743885713466559 0.747581168944846 0.748399956878646
0.739314995176932 0.741288999602502 0.738859291203182 0.740380399397185 0.746673036940123 0.744417030598241 0.744907628085837 0.744430122044657 0.744957664606839 0.745651957669421 0.745917710871895 0.745548795384169 0.745994448056171 0.745295546155027 0.746052580157983 0.746574467960707 0.746775693798027 0.745787256819743 0.754211269867865 0.745620001792403 0.746417132991989 0.746307839642163 0.746612781615863 0.74680740909334 0.747067276117752
0.7389804336776 0.741450184608028 0.738868819259818 0.740067515786007 0.741972751971883 0.745292577558903 0.744901020657327 0.744668469004175 0.745797901835236 0.746711441836333 0.742680705499518 0.745596116149651 0.745709401836287 0.745535970641591 0.746860968134857 0.744840892115934 0.746682662595048 0.746864710963227 0.745620001792403 0.760644873796671 0.743349287070262 0.747119417914397 0.743493488338605 0.746672673847181 0.747570245595832
0.737267184154123 0.73979231105874 0.735921983246683 0.737506904407244 0.753827703161823 0.742278817858967 0.743153308185835 0.743498480025601 0.74234180009838 0.742721181345725 0.76290607934721 0.743196072400296 0.744278161909814 0.742215966319345 0.742374931182668 0.74936236661445 0.744497994486712 0.743665829552851 0.746417132991989 0.743349287070262 0.769809718629103 0.744688679238381 0.760575678695671 0.743447389829431 0.744339393533739
0.739968608925172 0.742414252682889 0.739705488837871 0.740670170890098 0.742975042973247 0.745237775037222 0.745691209054093 0.744918731154441 0.745516221865539 0.747283887810229 0.744000137584676 0.745658344026456 0.746930974254488 0.745322636059372 0.747647490107949 0.745213856029273 0.746568964280098 0.746678620368934 0.746307839642163 0.747119417914397 0.744688679238381 0.757861497251852 0.744799834819829 0.746453213648425 0.74719624555178
0.737370886911204 0.739853617048739 0.736192727287239 0.737637191160706 0.753890953248539 0.742524859848556 0.743379673618501 0.7435998699092 0.742617459280484 0.742981605719745 0.760178480096228 0.74320518488466 0.744585252602767 0.742520483607067 0.742864100460432 0.749465594333838 0.744674249599584 0.743885713466559 0.746612781615863 0.743493488338605 0.760575678695671 0.744799834819829 0.769502380688635 0.743645965893244 0.744530702490153
0.739430931236388 0.741525578927361 0.739956496475496 0.742282311638042 0.741782347550835 0.745925056186184 0.745792989068262 0.745861744116391 0.748399795596661 0.745490457596843 0.742981346589057 0.747915448074141 0.746401794365003 0.750608272608865 0.745881640156392 0.746386786672002 0.748924160597706 0.747581168944846 0.74680740909334 0.746672673847181 0.743447389829431 0.746453213648425 0.743645965893244 0.758017019886679 0.751839612516379
0.739840365712487 0.742188890685537 0.74020057707159 0.742191942743319 0.742749140461892 0.746479500167387 0.746213102214621 0.746454733209165 0.74873283770591 0.74616721303259 0.743945948739945 0.748063919034912 0.746638713113386 0.750072498793319 0.746544220708989 0.74660309477395 0.749165626184281 0.748399956878646 0.747067276117752 0.747570245595832 0.744339393533739 0.74719624555178 0.744530702490153 0.751839612516379 0.757157507039082
