5.633510947227478027e-01 5.558963418006896973e-01 5.538351535797119141e-01 5.520094037055969238e-01 4.949551820755004883e-01 5.513015389442443848e-01 5.494500994682312012e-01 5.532990097999572754e-01 5.464429259300231934e-01 5.429671406745910645e-01 5.465204119682312012e-01
5.558963418006896973e-01 5.580587983131408691e-01 5.537303090095520020e-01 5.515921115875244141e-01 4.953748285770416260e-01 5.505404472351074219e-01 5.496143698692321777e-01 5.520676970481872559e-01 5.456920266151428223e-01 5.417969822883605957e-01 5.446804761886596680e-01
5.538351535797119141e-01 5.537303090095520020e-01 5.576848387718200684e-01 5.520634055137634277e-01 4.936684072017669678e-01 5.492596626281738281e-01 5.483396053314208984e-01 5.510188937187194824e-01 5.458277463912963867e-01 5.405681133270263672e-01 5.441024899482727051e-01
5.520094037055969238e-01 5.515921115875244141e-01 5.520634055137634277e-01 5.594292283058166504e-01 4.950119256973266602e-01 5.528182983398437500e-01 5.482416152954101562e-01 5.519173741340637207e-01 5.450595021247863770e-01 5.398430228233337402e-01 5.426052212715148926e-01
4.949551820755004883e-01 4.953748285770416260e-01 4.936684072017669678e-01 4.950119256973266602e-01 5.610781311988830566e-01 4.942058324813842773e-01 4.962097704410552979e-01 4.909912049770355225e-01 4.956361353397369385e-01 5.033963322639465332e-01 5.041497349739074707e-01
5.513015389442443848e-01 5.505404472351074219e-01 5.492596626281738281e-01 5.528182983398437500e-01 4.942058324813842773e-01 5.576547980308532715e-01 5.468692183494567871e-01 5.518963932991027832e-01 5.433728098869323730e-01 5.387969017028808594e-01 5.412001609802246094e-01
5.494500994682312012e-01 5.496143698692321777e-01 5.483396053314208984e-01 5.482416152954101562e-01 4.962097704410552979e-01 5.468692183494567871e-01 5.528696179389953613e-01 5.489289760589599609e-01 5.430992245674133301e-01 5.394456982612609863e-01 5.415753722190856934e-01
5.532990097999572754e-01 5.520676970481872559e-01 5.510188937187194824e-01 5.519173741340637207e-01 4.909912049770355225e-01 5.518963932991027832e-01 5.489289760589599609e-01 5.605016946792602539e-01 5.463766455650329590e-01 5.406505465507507324e-01 5.434620976448059082e-01
5.464429259300231934e-01 5.456920266151428223e-01 5.458277463912963867e-01 5.450595021247863770e-01 4.956361353397369385e-01 5.433728098869323730e-01 5.430992245674133301e-01 5.463766455650329590e-01 5.504853129386901855e-01 5.390156507492065430e-01 5.397949814796447754e-01
5.429671406745910645e-01 5.417969822883605957e-01 5.405681133270263672e-01 5.398430228233337402e-01 5.033963322639465332e-01 5.387969017028808594e-01 5.394456982612609863e-01 5.406505465507507324e-01 5.390156507492065430e-01 5.422180891036987305e-01 5.395972728729248047e-01
5.465204119682312012e-01 5.446804761886596680e-01 5.441024899482727051e-01 5.426052212715148926e-01 5.041497349739074707e-01 5.412001609802246094e-01 5.415753722190856934e-01 5.434620976448059082e-01 5.397949814796447754e-01 5.395972728729248047e-01 5.450562238693237305e-01
